Webots Project File version R2020b
perspectives: 000000ff00000000fd00000003000000000000000000000000fc0100000001fb0000001a0044006f00630075006d0065006e0074006100740069006f006e0000000000ffffffff0000006900ffffff0000000100000323000002defc0200000001fb0000001400540065007800740045006400690074006f00720100000016000002de0000008900ffffff000000030000078000000107fc0100000002fb0000001a0043006f006e0073006f006c00650041006c006c0041006c006c0100000000000007800000006900fffffffb0000000e0043006f006e0073006f006c006501000000000000073800000000000000000000045b000002de00000001000000020000000100000008fc00000000
simulationViewPerspectives: 000000ff0000000100000002000001260000020c0100000002010000000100
sceneTreePerspectives: 000000ff0000000100000002000000c0000000fc0100000002010000000200
minimizedPerspectives: 000000ff00000000fd00000003000000000000000000000000fc0100000001fb0000001a0044006f00630075006d0065006e0074006100740069006f006e0000000000ffffffff0000006900ffffff000000010000027b0000034dfc0200000001fb0000001400540065007800740045006400690074006f007201000000160000034d0000008900ffffff00000003000007380000007dfc0100000002fb0000000e0043006f006e0073006f006c00650100000000000007380000000000000000fb0000001a0043006f006e0073006f006c00650041006c006c0041006c006c0100000000000007380000006900ffffff000004bb0000034d00000001000000020000000100000008fc00000000
maximizedDockId: -1
centralWidgetVisible: 1
orthographicViewHeight: 1
textFiles: 3 "controllers/main/util.py" "controllers/main/evaluation.py" "controllers/main/your_controller_lqr.py" "controllers/main/main.py" "controllers/main/your_controller_pid.py"
consoles: Console:All:All
renderingDevicePerspectives: tesla:console;1;0.793333;0.342466;0
renderingDevicePerspectives: tesla:speedometer;1;0.993333;0;0
